(15,15,0) 
(13,2,0) 
(11,6,0) 
(5,18,0) 
(15,15,0) (15,1,1) 
(15,15,0) (13,13,1) 
(15,15,0) (4,22,1) 
(13,2,0) (12,18,1) 
(13,2,0) (11,0,1) 
(13,2,0) (0,10,1) 
(11,6,0) (6,18,1) 
(11,6,0) (8,14,1) 
(11,6,0) (20,10,1) 
(5,18,0) (18,21,1) 
(5,18,0) (10,18,1) 
(5,18,0) (21,22,1) 
(15,15,0) (15,1,1) (16,18,2) 
(15,15,0) (15,1,1) (2,12,2) 
(15,15,0) (15,1,1) (6,21,2) 
(15,15,0) (15,1,1) (1,7,2) 
(15,15,0) (13,13,1) (6,1,2) 
(15,15,0) (13,13,1) (1,16,2) 
(15,15,0) (13,13,1) (8,21,2) 
(15,15,0) (13,13,1) (7,10,2) 
(15,15,0) (4,22,1) (18,15,2) 
(15,15,0) (4,22,1) (15,12,2) 
(15,15,0) (4,22,1) (11,21,2) 
(15,15,0) (4,22,1) (11,20,2) 
(13,2,0) (12,18,1) (16,2,2) 
(13,2,0) (12,18,1) (0,9,2) 
(13,2,0) (12,18,1) (15,5,2) 
(13,2,0) (12,18,1) (14,14,2) 
(13,2,0) (11,0,1) (22,15,2) 
(13,2,0) (11,0,1) (8,11,2) 
(13,2,0) (11,0,1) (14,11,2) 
(13,2,0) (11,0,1) (21,4,2) 
(13,2,0) (0,10,1) (15,21,2) 
(13,2,0) (0,10,1) (7,6,2) 
(13,2,0) (0,10,1) (4,3,2) 
(13,2,0) (0,10,1) (18,20,2) 
(11,6,0) (6,18,1) (1,5,2) 
(11,6,0) (6,18,1) (16,5,2) 
(11,6,0) (6,18,1) (4,14,2) 
(11,6,0) (6,18,1) (20,18,2) 
(11,6,0) (8,14,1) (17,3,2) 
(11,6,0) (8,14,1) (20,20,2) 
(11,6,0) (8,14,1) (18,7,2) 
(11,6,0) (8,14,1) (10,6,2) 
(11,6,0) (20,10,1) (4,8,2) 
(11,6,0) (20,10,1) (12,21,2) 
(11,6,0) (20,10,1) (3,6,2) 
(11,6,0) (20,10,1) (22,18,2) 
(5,18,0) (18,21,1) (17,22,2) 
(5,18,0) (18,21,1) (18,14,2) 
(5,18,0) (18,21,1) (18,18,2) 
(5,18,0) (18,21,1) (10,0,2) 
(5,18,0) (10,18,1) (2,7,2) 
(5,18,0) (10,18,1) (19,22,2) 
(5,18,0) (10,18,1) (21,0,2) 
(5,18,0) (10,18,1) (9,13,2) 
(5,18,0) (21,22,1) (19,18,2) 
(5,18,0) (21,22,1) (16,6,2) 
(5,18,0) (21,22,1) (5,7,2) 
(5,18,0) (21,22,1) (5,17,2) 
(15,15,0) (15,1,1) (16,18,2) (17,19,3) 
(15,15,0) (15,1,1) (16,18,2) (18,6,3) 
(15,15,0) (15,1,1) (16,18,2) (22,17,3) 
(15,15,0) (15,1,1) (2,12,2) (9,2,3) 
(15,15,0) (15,1,1) (2,12,2) (13,19,3) 
(15,15,0) (15,1,1) (2,12,2) (3,10,3) 
(15,15,0) (15,1,1) (6,21,2) (0,17,3) 
(15,15,0) (15,1,1) (6,21,2) (16,3,3) 
(15,15,0) (15,1,1) (6,21,2) (8,13,3) 
(15,15,0) (15,1,1) (1,7,2) (5,3,3) 
(15,15,0) (15,1,1) (1,7,2) (9,14,3) 
(15,15,0) (15,1,1) (1,7,2) (12,6,3) 
(15,15,0) (13,13,1) (6,1,2) (5,22,3) 
(15,15,0) (13,13,1) (6,1,2) (4,16,3) 
(15,15,0) (13,13,1) (6,1,2) (16,10,3) 
(15,15,0) (13,13,1) (1,16,2) (22,3,3) 
(15,15,0) (13,13,1) (1,16,2) (19,11,3) 
(15,15,0) (13,13,1) (1,16,2) (6,19,3) 
(15,15,0) (13,13,1) (8,21,2) (21,6,3) 
(15,15,0) (13,13,1) (8,21,2) (0,19,3) 
(15,15,0) (13,13,1) (8,21,2) (14,5,3) 
(15,15,0) (13,13,1) (7,10,2) (20,11,3) 
(15,15,0) (13,13,1) (7,10,2) (21,16,3) 
(15,15,0) (13,13,1) (7,10,2) (16,12,3) 
(15,15,0) (4,22,1) (18,15,2) (14,0,3) 
(15,15,0) (4,22,1) (18,15,2) (14,15,3) 
(15,15,0) (4,22,1) (18,15,2) (0,2,3) 
(15,15,0) (4,22,1) (15,12,2) (21,17,3) 
(15,15,0) (4,22,1) (15,12,2) (18,16,3) 
(15,15,0) (4,22,1) (15,12,2) (16,21,3) 
(15,15,0) (4,22,1) (11,21,2) (7,7,3) 
(15,15,0) (4,22,1) (11,21,2) (19,0,3) 
(15,15,0) (4,22,1) (11,21,2) (13,6,3) 
(15,15,0) (4,22,1) (11,20,2) (2,21,3) 
(15,15,0) (4,22,1) (11,20,2) (8,16,3) 
(15,15,0) (4,22,1) (11,20,2) (8,20,3) 
(13,2,0) (12,18,1) (16,2,2) (1,13,3) 
(13,2,0) (12,18,1) (16,2,2) (2,11,3) 
(13,2,0) (12,18,1) (16,2,2) (12,7,3) 
(13,2,0) (12,18,1) (0,9,2) (20,12,3) 
(13,2,0) (12,18,1) (0,9,2) (13,9,3) 
(13,2,0) (12,18,1) (0,9,2) (3,13,3) 
(13,2,0) (12,18,1) (15,5,2) (0,13,3) 
(13,2,0) (12,18,1) (15,5,2) (1,6,3) 
(13,2,0) (12,18,1) (15,5,2) (4,1,3) 
(13,2,0) (12,18,1) (14,14,2) (14,10,3) 
(13,2,0) (12,18,1) (14,14,2) (17,13,3) 
(13,2,0) (12,18,1) (14,14,2) (9,8,3) 
(13,2,0) (11,0,1) (22,15,2) (22,20,3) 
(13,2,0) (11,0,1) (22,15,2) (3,9,3) 
(13,2,0) (11,0,1) (22,15,2) (6,4,3) 
(13,2,0) (11,0,1) (8,11,2) (4,5,3) 
(13,2,0) (11,0,1) (8,11,2) (0,18,3) 
(13,2,0) (11,0,1) (8,11,2) (9,16,3) 
(13,2,0) (11,0,1) (14,11,2) (13,21,3) 
(13,2,0) (11,0,1) (14,11,2) (22,0,3) 
(13,2,0) (11,0,1) (14,11,2) (3,7,3) 
(13,2,0) (11,0,1) (21,4,2) (18,12,3) 
(13,2,0) (11,0,1) (21,4,2) (17,7,3) 
(13,2,0) (11,0,1) (21,4,2) (6,13,3) 
(13,2,0) (0,10,1) (15,21,2) (7,8,3) 
(13,2,0) (0,10,1) (15,21,2) (16,22,3) 
(13,2,0) (0,10,1) (15,21,2) (4,9,3) 
(13,2,0) (0,10,1) (7,6,2) (8,7,3) 
(13,2,0) (0,10,1) (7,6,2) (10,7,3) 
(13,2,0) (0,10,1) (7,6,2) (12,14,3) 
(13,2,0) (0,10,1) (4,3,2) (10,1,3) 
(13,2,0) (0,10,1) (4,3,2) (0,20,3) 
(13,2,0) (0,10,1) (4,3,2) (12,3,3) 
(13,2,0) (0,10,1) (18,20,2) (22,19,3) 
(13,2,0) (0,10,1) (18,20,2) (17,2,3) 
(13,2,0) (0,10,1) (18,20,2) (3,19,3) 
(11,6,0) (6,18,1) (1,5,2) (5,19,3) 
(11,6,0) (6,18,1) (1,5,2) (13,7,3) 
(11,6,0) (6,18,1) (1,5,2) (16,9,3) 
(11,6,0) (6,18,1) (16,5,2) (2,8,3) 
(11,6,0) (6,18,1) (16,5,2) (8,3,3) 
(11,6,0) (6,18,1) (16,5,2) (5,8,3) 
(11,6,0) (6,18,1) (4,14,2) (5,16,3) 
(11,6,0) (6,18,1) (4,14,2) (6,2,3) 
(11,6,0) (6,18,1) (4,14,2) (11,18,3) 
(11,6,0) (6,18,1) (20,18,2) (14,20,3) 
(11,6,0) (6,18,1) (20,18,2) (1,19,3) 
(11,6,0) (6,18,1) (20,18,2) (3,16,3) 
(11,6,0) (8,14,1) (17,3,2) (14,1,3) 
(11,6,0) (8,14,1) (17,3,2) (0,12,3) 
(11,6,0) (8,14,1) (17,3,2) (9,12,3) 
(11,6,0) (8,14,1) (20,20,2) (4,21,3) 
(11,6,0) (8,14,1) (20,20,2) (5,11,3) 
(11,6,0) (8,14,1) (20,20,2) (4,15,3) 
(11,6,0) (8,14,1) (18,7,2) (3,3,3) 
(11,6,0) (8,14,1) (18,7,2) (17,5,3) 
(11,6,0) (8,14,1) (18,7,2) (0,15,3) 
(11,6,0) (8,14,1) (10,6,2) (16,20,3) 
(11,6,0) (8,14,1) (10,6,2) (17,12,3) 
(11,6,0) (8,14,1) (10,6,2) (11,11,3) 
(11,6,0) (20,10,1) (4,8,2) (12,12,3) 
(11,6,0) (20,10,1) (4,8,2) (22,22,3) 
(11,6,0) (20,10,1) (4,8,2) (2,20,3) 
(11,6,0) (20,10,1) (12,21,2) (6,16,3) 
(11,6,0) (20,10,1) (12,21,2) (9,9,3) 
(11,6,0) (20,10,1) (12,21,2) (3,0,3) 
(11,6,0) (20,10,1) (3,6,2) (5,13,3) 
(11,6,0) (20,10,1) (3,6,2) (14,13,3) 
(11,6,0) (20,10,1) (3,6,2) (8,0,3) 
(11,6,0) (20,10,1) (22,18,2) (2,14,3) 
(11,6,0) (20,10,1) (22,18,2) (14,6,3) 
(11,6,0) (20,10,1) (22,18,2) (14,3,3) 
(5,18,0) (18,21,1) (17,22,2) (13,4,3) 
(5,18,0) (18,21,1) (17,22,2) (20,22,3) 
(5,18,0) (18,21,1) (17,22,2) (10,20,3) 
(5,18,0) (18,21,1) (18,14,2) (12,11,3) 
(5,18,0) (18,21,1) (18,14,2) (22,11,3) 
(5,18,0) (18,21,1) (18,14,2) (9,4,3) 
(5,18,0) (18,21,1) (18,18,2) (2,18,3) 
(5,18,0) (18,21,1) (18,18,2) (15,18,3) 
(5,18,0) (18,21,1) (18,18,2) (21,1,3) 
(5,18,0) (18,21,1) (10,0,2) (22,7,3) 
(5,18,0) (18,21,1) (10,0,2) (22,8,3) 
(5,18,0) (18,21,1) (10,0,2) (2,4,3) 
(5,18,0) (10,18,1) (2,7,2) (7,12,3) 
(5,18,0) (10,18,1) (2,7,2) (7,15,3) 
(5,18,0) (10,18,1) (2,7,2) (9,0,3) 
(5,18,0) (10,18,1) (19,22,2) (19,12,3) 
(5,18,0) (10,18,1) (19,22,2) (21,11,3) 
(5,18,0) (10,18,1) (19,22,2) (14,12,3) 
(5,18,0) (10,18,1) (21,0,2) (13,15,3) 
(5,18,0) (10,18,1) (21,0,2) (13,3,3) 
(5,18,0) (10,18,1) (21,0,2) (8,12,3) 
(5,18,0) (10,18,1) (9,13,2) (4,10,3) 
(5,18,0) (10,18,1) (9,13,2) (20,17,3) 
(5,18,0) (10,18,1) (9,13,2) (7,11,3) 
(5,18,0) (21,22,1) (19,18,2) (0,5,3) 
(5,18,0) (21,22,1) (19,18,2) (12,1,3) 
(5,18,0) (21,22,1) (19,18,2) (8,6,3) 
(5,18,0) (21,22,1) (16,6,2) (15,22,3) 
(5,18,0) (21,22,1) (16,6,2) (10,8,3) 
(5,18,0) (21,22,1) (16,6,2) (9,17,3) 
(5,18,0) (21,22,1) (5,7,2) (5,5,3) 
(5,18,0) (21,22,1) (5,7,2) (1,17,3) 
(5,18,0) (21,22,1) (5,7,2) (10,17,3) 
(5,18,0) (21,22,1) (5,17,2) (10,5,3) 
(5,18,0) (21,22,1) (5,17,2) (10,2,3) 
(5,18,0) (21,22,1) (5,17,2) (5,4,3) 
(15,15,0) (15,1,1) (16,18,2) (17,19,3) (14,21,4) 
(15,15,0) (15,1,1) (16,18,2) (17,19,3) (3,22,4) 
(15,15,0) (15,1,1) (16,18,2) (18,6,3) (17,15,4) 
(15,15,0) (15,1,1) (16,18,2) (18,6,3) (11,9,4) 
(15,15,0) (15,1,1) (16,18,2) (22,17,3) (17,0,4) 
(15,15,0) (15,1,1) (16,18,2) (22,17,3) (14,17,4) 
(15,15,0) (15,1,1) (2,12,2) (9,2,3) (9,1,4) 
(15,15,0) (15,1,1) (2,12,2) (9,2,3) (8,17,4) 
(15,15,0) (15,1,1) (2,12,2) (13,19,3) (19,16,4) 
(15,15,0) (15,1,1) (2,12,2) (13,19,3) (17,14,4) 
(15,15,0) (15,1,1) (2,12,2) (3,10,3) (1,9,4) 
(15,15,0) (15,1,1) (2,12,2) (3,10,3) (19,13,4) 
(15,15,0) (15,1,1) (6,21,2) (0,17,3) (13,18,4) 
(15,15,0) (15,1,1) (6,21,2) (0,17,3) (2,3,4) 
(15,15,0) (15,1,1) (6,21,2) (16,3,3) (13,0,4) 
(15,15,0) (15,1,1) (6,21,2) (16,3,3) (17,18,4) 
(15,15,0) (15,1,1) (6,21,2) (8,13,3) (12,4,4) 
(15,15,0) (15,1,1) (6,21,2) (8,13,3) (1,15,4) 
(15,15,0) (15,1,1) (1,7,2) (5,3,3) (12,20,4) 
(15,15,0) (15,1,1) (1,7,2) (5,3,3) (3,18,4) 
(15,15,0) (15,1,1) (1,7,2) (9,14,3) (1,0,4) 
(15,15,0) (15,1,1) (1,7,2) (9,14,3) (13,14,4) 
(15,15,0) (15,1,1) (1,7,2) (12,6,3) (2,10,4) 
(15,15,0) (15,1,1) (1,7,2) (12,6,3) (8,10,4) 
(15,15,0) (13,13,1) (6,1,2) (5,22,3) (7,18,4) 
(15,15,0) (13,13,1) (6,1,2) (5,22,3) (18,10,4) 
(15,15,0) (13,13,1) (6,1,2) (4,16,3) (5,14,4) 
(15,15,0) (13,13,1) (6,1,2) (4,16,3) (11,2,4) 
(15,15,0) (13,13,1) (6,1,2) (16,10,3) (6,12,4) 
(15,15,0) (13,13,1) (6,1,2) (16,10,3) (12,22,4) 
(15,15,0) (13,13,1) (1,16,2) (22,3,3) (18,9,4) 
(15,15,0) (13,13,1) (1,16,2) (22,3,3) (20,1,4) 
(15,15,0) (13,13,1) (1,16,2) (19,11,3) (15,16,4) 
(15,15,0) (13,13,1) (1,16,2) (19,11,3) (2,22,4) 
(15,15,0) (13,13,1) (1,16,2) (6,19,3) (2,1,4) 
(15,15,0) (13,13,1) (1,16,2) (6,19,3) (9,15,4) 
(15,15,0) (13,13,1) (8,21,2) (21,6,3) (20,14,4) 
(15,15,0) (13,13,1) (8,21,2) (21,6,3) (18,5,4) 
(15,15,0) (13,13,1) (8,21,2) (0,19,3) (21,21,4) 
(15,15,0) (13,13,1) (8,21,2) (0,19,3) (7,3,4) 
(15,15,0) (13,13,1) (8,21,2) (14,5,3) (3,5,4) 
(15,15,0) (13,13,1) (8,21,2) (14,5,3) (10,16,4) 
(15,15,0) (13,13,1) (7,10,2) (20,11,3) (11,7,4) 
(15,15,0) (13,13,1) (7,10,2) (20,11,3) (19,14,4) 
(15,15,0) (13,13,1) (7,10,2) (21,16,3) (0,14,4) 
(15,15,0) (13,13,1) (7,10,2) (21,16,3) (1,12,4) 
(15,15,0) (13,13,1) (7,10,2) (16,12,3) (21,9,4) 
(15,15,0) (13,13,1) (7,10,2) (16,12,3) (6,3,4) 
(15,15,0) (4,22,1) (18,15,2) (14,0,3) (18,3,4) 
(15,15,0) (4,22,1) (18,15,2) (14,0,3) (1,10,4) 
(15,15,0) (4,22,1) (18,15,2) (14,15,3) (22,6,4) 
(15,15,0) (4,22,1) (18,15,2) (14,15,3) (3,14,4) 
(15,15,0) (4,22,1) (18,15,2) (0,2,3) (7,14,4) 
(15,15,0) (4,22,1) (18,15,2) (0,2,3) (15,8,4) 
(15,15,0) (4,22,1) (15,12,2) (21,17,3) (20,19,4) 
(15,15,0) (4,22,1) (15,12,2) (21,17,3) (5,6,4) 
(15,15,0) (4,22,1) (15,12,2) (18,16,3) (12,9,4) 
(15,15,0) (4,22,1) (15,12,2) (18,16,3) (10,13,4) 
(15,15,0) (4,22,1) (15,12,2) (16,21,3) (2,17,4) 
(15,15,0) (4,22,1) (15,12,2) (16,21,3) (6,14,4) 
(15,15,0) (4,22,1) (11,21,2) (7,7,3) (10,15,4) 
(15,15,0) (4,22,1) (11,21,2) (7,7,3) (1,14,4) 
(15,15,0) (4,22,1) (11,21,2) (19,0,3) (3,20,4) 
(15,15,0) (4,22,1) (11,21,2) (19,0,3) (22,5,4) 
(15,15,0) (4,22,1) (11,21,2) (13,6,3) (14,7,4) 
(15,15,0) (4,22,1) (11,21,2) (13,6,3) (16,19,4) 
(15,15,0) (4,22,1) (11,20,2) (2,21,3) (3,11,4) 
(15,15,0) (4,22,1) (11,20,2) (2,21,3) (9,21,4) 
(15,15,0) (4,22,1) (11,20,2) (8,16,3) (15,20,4) 
(15,15,0) (4,22,1) (11,20,2) (8,16,3) (5,1,4) 
(15,15,0) (4,22,1) (11,20,2) (8,20,3) (13,17,4) 
(15,15,0) (4,22,1) (11,20,2) (8,20,3) (6,10,4) 
(13,2,0) (12,18,1) (16,2,2) (1,13,3) (6,7,4) 
(13,2,0) (12,18,1) (16,2,2) (1,13,3) (10,10,4) 
(13,2,0) (12,18,1) (16,2,2) (2,11,3) (11,4,4) 
(13,2,0) (12,18,1) (16,2,2) (2,11,3) (0,0,4) 
(13,2,0) (12,18,1) (16,2,2) (12,7,3) (19,5,4) 
(13,2,0) (12,18,1) (16,2,2) (12,7,3) (4,18,4) 
(13,2,0) (12,18,1) (0,9,2) (20,12,3) (11,3,4) 
(13,2,0) (12,18,1) (0,9,2) (20,12,3) (2,6,4) 
(13,2,0) (12,18,1) (0,9,2) (13,9,3) (10,19,4) 
(13,2,0) (12,18,1) (0,9,2) (13,9,3) (19,10,4) 
(13,2,0) (12,18,1) (0,9,2) (3,13,3) (20,7,4) 
(13,2,0) (12,18,1) (0,9,2) (3,13,3) (18,22,4) 
(13,2,0) (12,18,1) (15,5,2) (0,13,3) (9,10,4) 
(13,2,0) (12,18,1) (15,5,2) (0,13,3) (10,21,4) 
(13,2,0) (12,18,1) (15,5,2) (1,6,3) (16,14,4) 
(13,2,0) (12,18,1) (15,5,2) (1,6,3) (8,5,4) 
(13,2,0) (12,18,1) (15,5,2) (4,1,3) (17,10,4) 
(13,2,0) (12,18,1) (15,5,2) (4,1,3) (4,19,4) 
(13,2,0) (12,18,1) (14,14,2) (14,10,3) (6,9,4) 
(13,2,0) (12,18,1) (14,14,2) (14,10,3) (19,9,4) 
(13,2,0) (12,18,1) (14,14,2) (17,13,3) (22,4,4) 
(13,2,0) (12,18,1) (14,14,2) (17,13,3) (12,19,4) 
(13,2,0) (12,18,1) (14,14,2) (9,8,3) (15,9,4) 
(13,2,0) (12,18,1) (14,14,2) (9,8,3) (1,20,4) 
(13,2,0) (11,0,1) (22,15,2) (22,20,3) (0,22,4) 
(13,2,0) (11,0,1) (22,15,2) (22,20,3) (17,21,4) 
(13,2,0) (11,0,1) (22,15,2) (3,9,3) (22,12,4) 
(13,2,0) (11,0,1) (22,15,2) (3,9,3) (16,7,4) 
(13,2,0) (11,0,1) (22,15,2) (6,4,3) (11,22,4) 
(13,2,0) (11,0,1) (22,15,2) (6,4,3) (18,8,4) 
(13,2,0) (11,0,1) (8,11,2) (4,5,3) (11,5,4) 
(13,2,0) (11,0,1) (8,11,2) (4,5,3) (7,17,4) 
(13,2,0) (11,0,1) (8,11,2) (0,18,3) (19,20,4) 
(13,2,0) (11,0,1) (8,11,2) (0,18,3) (11,15,4) 
(13,2,0) (11,0,1) (8,11,2) (9,16,3) (20,16,4) 
(13,2,0) (11,0,1) (8,11,2) (9,16,3) (4,2,4) 
(13,2,0) (11,0,1) (14,11,2) (13,21,3) (13,10,4) 
(13,2,0) (11,0,1) (14,11,2) (13,21,3) (21,5,4) 
(13,2,0) (11,0,1) (14,11,2) (22,0,3) (5,2,4) 
(13,2,0) (11,0,1) (14,11,2) (22,0,3) (9,19,4) 
(13,2,0) (11,0,1) (14,11,2) (3,7,3) (9,20,4) 
(13,2,0) (11,0,1) (14,11,2) (3,7,3) (17,9,4) 
(13,2,0) (11,0,1) (21,4,2) (18,12,3) (16,1,4) 
(13,2,0) (11,0,1) (21,4,2) (18,12,3) (9,5,4) 
(13,2,0) (11,0,1) (21,4,2) (17,7,3) (3,15,4) 
(13,2,0) (11,0,1) (21,4,2) (17,7,3) (7,22,4) 
(13,2,0) (11,0,1) (21,4,2) (6,13,3) (14,4,4) 
(13,2,0) (11,0,1) (21,4,2) (6,13,3) (10,9,4) 
(13,2,0) (0,10,1) (15,21,2) (7,8,3) (6,0,4) 
(13,2,0) (0,10,1) (15,21,2) (7,8,3) (16,15,4) 
(13,2,0) (0,10,1) (15,21,2) (16,22,3) (2,9,4) 
(13,2,0) (0,10,1) (15,21,2) (16,22,3) (2,19,4) 
(13,2,0) (0,10,1) (15,21,2) (4,9,3) (13,16,4) 
(13,2,0) (0,10,1) (15,21,2) (4,9,3) (10,22,4) 
(13,2,0) (0,10,1) (7,6,2) (8,7,3) (7,9,4) 
(13,2,0) (0,10,1) (7,6,2) (8,7,3) (17,11,4) 
(13,2,0) (0,10,1) (7,6,2) (10,7,3) (21,13,4) 
(13,2,0) (0,10,1) (7,6,2) (10,7,3) (16,11,4) 
(13,2,0) (0,10,1) (7,6,2) (12,14,3) (0,16,4) 
(13,2,0) (0,10,1) (7,6,2) (12,14,3) (15,6,4) 
(13,2,0) (0,10,1) (4,3,2) (10,1,3) (22,13,4) 
(13,2,0) (0,10,1) (4,3,2) (10,1,3) (1,8,4) 
(13,2,0) (0,10,1) (4,3,2) (0,20,3) (19,3,4) 
(13,2,0) (0,10,1) (4,3,2) (0,20,3) (0,8,4) 
(13,2,0) (0,10,1) (4,3,2) (12,3,3) (20,2,4) 
(13,2,0) (0,10,1) (4,3,2) (12,3,3) (20,0,4) 
(13,2,0) (0,10,1) (18,20,2) (22,19,3) (8,1,4) 
(13,2,0) (0,10,1) (18,20,2) (22,19,3) (17,20,4) 
(13,2,0) (0,10,1) (18,20,2) (17,2,3) (15,10,4) 
(13,2,0) (0,10,1) (18,20,2) (17,2,3) (3,4,4) 
(13,2,0) (0,10,1) (18,20,2) (3,19,3) (14,9,4) 
(13,2,0) (0,10,1) (18,20,2) (3,19,3) (12,8,4) 
(11,6,0) (6,18,1) (1,5,2) (5,19,3) (22,21,4) 
(11,6,0) (6,18,1) (1,5,2) (5,19,3) (9,22,4) 
(11,6,0) (6,18,1) (1,5,2) (13,7,3) (9,3,4) 
(11,6,0) (6,18,1) (1,5,2) (13,7,3) (15,2,4) 
(11,6,0) (6,18,1) (1,5,2) (16,9,3) (10,3,4) 
(11,6,0) (6,18,1) (1,5,2) (16,9,3) (1,4,4) 
(11,6,0) (6,18,1) (16,5,2) (2,8,3) (1,22,4) 
(11,6,0) (6,18,1) (16,5,2) (2,8,3) (22,10,4) 
(11,6,0) (6,18,1) (16,5,2) (8,3,3) (15,13,4) 
(11,6,0) (6,18,1) (16,5,2) (8,3,3) (0,6,4) 
(11,6,0) (6,18,1) (16,5,2) (5,8,3) (19,8,4) 
(11,6,0) (6,18,1) (16,5,2) (5,8,3) (18,11,4) 
(11,6,0) (6,18,1) (4,14,2) (5,16,3) (8,22,4) 
(11,6,0) (6,18,1) (4,14,2) (5,16,3) (13,22,4) 
(11,6,0) (6,18,1) (4,14,2) (6,2,3) (12,5,4) 
(11,6,0) (6,18,1) (4,14,2) (6,2,3) (15,11,4) 
(11,6,0) (6,18,1) (4,14,2) (11,18,3) (19,2,4) 
(11,6,0) (6,18,1) (4,14,2) (11,18,3) (3,12,4) 
(11,6,0) (6,18,1) (20,18,2) (14,20,3) (7,5,4) 
(11,6,0) (6,18,1) (20,18,2) (14,20,3) (12,17,4) 
(11,6,0) (6,18,1) (20,18,2) (1,19,3) (16,4,4) 
(11,6,0) (6,18,1) (20,18,2) (1,19,3) (16,17,4) 
(11,6,0) (6,18,1) (20,18,2) (3,16,3) (5,20,4) 
(11,6,0) (6,18,1) (20,18,2) (3,16,3) (14,19,4) 
(11,6,0) (8,14,1) (17,3,2) (14,1,3) (8,4,4) 
(11,6,0) (8,14,1) (17,3,2) (14,1,3) (11,8,4) 
(11,6,0) (8,14,1) (17,3,2) (0,12,3) (19,7,4) 
(11,6,0) (8,14,1) (17,3,2) (0,12,3) (3,1,4) 
(11,6,0) (8,14,1) (17,3,2) (9,12,3) (19,21,4) 
(11,6,0) (8,14,1) (17,3,2) (9,12,3) (21,10,4) 
(11,6,0) (8,14,1) (20,20,2) (4,21,3) (2,2,4) 
(11,6,0) (8,14,1) (20,20,2) (4,21,3) (7,16,4) 
(11,6,0) (8,14,1) (20,20,2) (5,11,3) (1,1,4) 
(11,6,0) (8,14,1) (20,20,2) (5,11,3) (11,16,4) 
(11,6,0) (8,14,1) (20,20,2) (4,15,3) (7,20,4) 
(11,6,0) (8,14,1) (20,20,2) (4,15,3) (22,9,4) 
(11,6,0) (8,14,1) (18,7,2) (3,3,3) (15,4,4) 
(11,6,0) (8,14,1) (18,7,2) (3,3,3) (8,18,4) 
(11,6,0) (8,14,1) (18,7,2) (17,5,3) (8,9,4) 
(11,6,0) (8,14,1) (18,7,2) (17,5,3) (6,11,4) 
(11,6,0) (8,14,1) (18,7,2) (0,15,3) (18,4,4) 
(11,6,0) (8,14,1) (18,7,2) (0,15,3) (7,4,4) 
(11,6,0) (8,14,1) (10,6,2) (16,20,3) (9,7,4) 
(11,6,0) (8,14,1) (10,6,2) (16,20,3) (20,9,4) 
(11,6,0) (8,14,1) (10,6,2) (17,12,3) (12,16,4) 
(11,6,0) (8,14,1) (10,6,2) (17,12,3) (22,2,4) 
(11,6,0) (8,14,1) (10,6,2) (11,11,3) (10,14,4) 
(11,6,0) (8,14,1) (10,6,2) (11,11,3) (15,14,4) 
(11,6,0) (20,10,1) (4,8,2) (12,12,3) (0,3,4) 
(11,6,0) (20,10,1) (4,8,2) (12,12,3) (14,22,4) 
(11,6,0) (20,10,1) (4,8,2) (22,22,3) (18,1,4) 
(11,6,0) (20,10,1) (4,8,2) (22,22,3) (2,15,4) 
(11,6,0) (20,10,1) (4,8,2) (2,20,3) (5,9,4) 
(11,6,0) (20,10,1) (4,8,2) (2,20,3) (7,13,4) 
(11,6,0) (20,10,1) (12,21,2) (6,16,3) (6,6,4) 
(11,6,0) (20,10,1) (12,21,2) (6,16,3) (17,8,4) 
(11,6,0) (20,10,1) (12,21,2) (9,9,3) (9,11,4) 
(11,6,0) (20,10,1) (12,21,2) (9,9,3) (21,15,4) 
(11,6,0) (20,10,1) (12,21,2) (3,0,3) (21,18,4) 
(11,6,0) (20,10,1) (12,21,2) (3,0,3) (0,21,4) 
(11,6,0) (20,10,1) (3,6,2) (5,13,3) (13,20,4) 
(11,6,0) (20,10,1) (3,6,2) (5,13,3) (20,13,4) 
(11,6,0) (20,10,1) (3,6,2) (14,13,3) (20,6,4) 
(11,6,0) (20,10,1) (3,6,2) (14,13,3) (13,11,4) 
(11,6,0) (20,10,1) (3,6,2) (8,0,3) (1,2,4) 
(11,6,0) (20,10,1) (3,6,2) (8,0,3) (4,6,4) 
(11,6,0) (20,10,1) (22,18,2) (2,14,3) (21,3,4) 
(11,6,0) (20,10,1) (22,18,2) (2,14,3) (19,6,4) 
(11,6,0) (20,10,1) (22,18,2) (14,6,3) (3,2,4) 
(11,6,0) (20,10,1) (22,18,2) (14,6,3) (11,19,4) 
(11,6,0) (20,10,1) (22,18,2) (14,3,3) (20,5,4) 
(11,6,0) (20,10,1) (22,18,2) (14,3,3) (21,7,4) 
(5,18,0) (18,21,1) (17,22,2) (13,4,3) (17,17,4) 
(5,18,0) (18,21,1) (17,22,2) (13,4,3) (13,1,4) 
(5,18,0) (18,21,1) (17,22,2) (20,22,3) (18,0,4) 
(5,18,0) (18,21,1) (17,22,2) (20,22,3) (4,12,4) 
(5,18,0) (18,21,1) (17,22,2) (10,20,3) (4,0,4) 
(5,18,0) (18,21,1) (17,22,2) (10,20,3) (4,17,4) 
(5,18,0) (18,21,1) (18,14,2) (12,11,3) (1,3,4) 
(5,18,0) (18,21,1) (18,14,2) (12,11,3) (8,8,4) 
(5,18,0) (18,21,1) (18,14,2) (22,11,3) (12,0,4) 
(5,18,0) (18,21,1) (18,14,2) (22,11,3) (7,1,4) 
(5,18,0) (18,21,1) (18,14,2) (9,4,3) (14,16,4) 
(5,18,0) (18,21,1) (18,14,2) (9,4,3) (18,13,4) 
(5,18,0) (18,21,1) (18,18,2) (2,18,3) (8,2,4) 
(5,18,0) (18,21,1) (18,18,2) (2,18,3) (3,17,4) 
(5,18,0) (18,21,1) (18,18,2) (15,18,3) (18,2,4) 
(5,18,0) (18,21,1) (18,18,2) (15,18,3) (2,5,4) 
(5,18,0) (18,21,1) (18,18,2) (21,1,3) (10,12,4) 
(5,18,0) (18,21,1) (18,18,2) (21,1,3) (21,8,4) 
(5,18,0) (18,21,1) (10,0,2) (22,7,3) (11,14,4) 
(5,18,0) (18,21,1) (10,0,2) (22,7,3) (7,21,4) 
(5,18,0) (18,21,1) (10,0,2) (22,8,3) (2,16,4) 
(5,18,0) (18,21,1) (10,0,2) (22,8,3) (20,8,4) 
(5,18,0) (18,21,1) (10,0,2) (2,4,3) (0,1,4) 
(5,18,0) (18,21,1) (10,0,2) (2,4,3) (18,19,4) 
(5,18,0) (10,18,1) (2,7,2) (7,12,3) (5,12,4) 
(5,18,0) (10,18,1) (2,7,2) (7,12,3) (1,11,4) 
(5,18,0) (10,18,1) (2,7,2) (7,15,3) (5,0,4) 
(5,18,0) (10,18,1) (2,7,2) (7,15,3) (12,13,4) 
(5,18,0) (10,18,1) (2,7,2) (9,0,3) (21,14,4) 
(5,18,0) (10,18,1) (2,7,2) (9,0,3) (9,18,4) 
(5,18,0) (10,18,1) (19,22,2) (19,12,3) (1,21,4) 
(5,18,0) (10,18,1) (19,22,2) (19,12,3) (19,17,4) 
(5,18,0) (10,18,1) (19,22,2) (21,11,3) (4,20,4) 
(5,18,0) (10,18,1) (19,22,2) (21,11,3) (22,1,4) 
(5,18,0) (10,18,1) (19,22,2) (14,12,3) (6,15,4) 
(5,18,0) (10,18,1) (19,22,2) (14,12,3) (15,0,4) 
(5,18,0) (10,18,1) (21,0,2) (13,15,3) (6,5,4) 
(5,18,0) (10,18,1) (21,0,2) (13,15,3) (21,12,4) 
(5,18,0) (10,18,1) (21,0,2) (13,3,3) (0,4,4) 
(5,18,0) (10,18,1) (21,0,2) (13,3,3) (11,13,4) 
(5,18,0) (10,18,1) (21,0,2) (8,12,3) (19,1,4) 
(5,18,0) (10,18,1) (21,0,2) (8,12,3) (5,10,4) 
(5,18,0) (10,18,1) (9,13,2) (4,10,3) (13,12,4) 
(5,18,0) (10,18,1) (9,13,2) (4,10,3) (21,19,4) 
(5,18,0) (10,18,1) (9,13,2) (20,17,3) (20,15,4) 
(5,18,0) (10,18,1) (9,13,2) (20,17,3) (15,3,4) 
(5,18,0) (10,18,1) (9,13,2) (7,11,3) (7,19,4) 
(5,18,0) (10,18,1) (9,13,2) (7,11,3) (12,2,4) 
(5,18,0) (21,22,1) (19,18,2) (0,5,3) (0,11,4) 
(5,18,0) (21,22,1) (19,18,2) (0,5,3) (10,11,4) 
(5,18,0) (21,22,1) (19,18,2) (12,1,3) (21,20,4) 
(5,18,0) (21,22,1) (19,18,2) (12,1,3) (16,13,4) 
(5,18,0) (21,22,1) (19,18,2) (8,6,3) (14,2,4) 
(5,18,0) (21,22,1) (19,18,2) (8,6,3) (20,21,4) 
(5,18,0) (21,22,1) (16,6,2) (15,22,3) (13,8,4) 
(5,18,0) (21,22,1) (16,6,2) (15,22,3) (7,0,4) 
(5,18,0) (21,22,1) (16,6,2) (10,8,3) (6,8,4) 
(5,18,0) (21,22,1) (16,6,2) (10,8,3) (9,6,4) 
(5,18,0) (21,22,1) (16,6,2) (9,17,3) (0,7,4) 
(5,18,0) (21,22,1) (16,6,2) (9,17,3) (17,16,4) 
(5,18,0) (21,22,1) (5,7,2) (5,5,3) (13,5,4) 
(5,18,0) (21,22,1) (5,7,2) (5,5,3) (2,0,4) 
(5,18,0) (21,22,1) (5,7,2) (1,17,3) (20,3,4) 
(5,18,0) (21,22,1) (5,7,2) (1,17,3) (17,4,4) 
(5,18,0) (21,22,1) (5,7,2) (10,17,3) (16,8,4) 
(5,18,0) (21,22,1) (5,7,2) (10,17,3) (4,7,4) 
(5,18,0) (21,22,1) (5,17,2) (10,5,3) (3,8,4) 
(5,18,0) (21,22,1) (5,17,2) (10,5,3) (6,22,4) 
(5,18,0) (21,22,1) (5,17,2) (10,2,3) (14,8,4) 
(5,18,0) (21,22,1) (5,17,2) (10,2,3) (17,1,4) 
(5,18,0) (21,22,1) (5,17,2) (5,4,3) (14,18,4) 
(5,18,0) (21,22,1) (5,17,2) (5,4,3) (12,15,4) 
